0 38 0 0 0 0 0 0 0 0 0 0 0 75 94 69 69 0 38 0 0 0 0 0 0 0 0 0 0 0 0 
38 0 69 44 38 19 0 0 0 0 0 0 0 88 69 94 69 50 50 0 0 0 0 0 0 0 0 0 0 0 0 
0 69 0 88 69 38 0 0 0 0 0 0 0 19 0 50 38 94 44 0 0 0 0 0 0 0 0 0 0 0 0 
0 44 88 0 94 75 0 0 0 0 0 0 0 0 0 38 50 69 69 38 19 0 0 0 0 0 0 0 0 0 0 
0 38 69 94 0 94 0 0 0 0 0 0 0 0 0 44 69 38 88 44 38 19 0 0 0 0 0 0 0 0 0 
0 19 38 75 94 0 0 0 0 0 0 0 0 0 0 38 75 0 94 38 44 38 0 0 0 0 0 0 0 0 0 
0 0 0 0 0 0 0 38 88 88 69 38 0 0 0 0 0 0 0 69 88 94 75 0 0 69 0 75 19 0 0 
0 0 0 0 0 0 38 0 75 0 0 0 0 0 0 0 0 0 0 69 50 19 0 0 94 94 0 38 0 0 0 
0 0 0 0 0 0 88 75 0 75 69 50 0 0 0 0 0 0 0 69 75 69 38 0 44 94 0 88 0 0 0 
0 0 0 0 0 0 88 0 75 0 94 75 0 0 0 0 0 0 0 19 50 69 88 38 0 44 44 88 69 19 38 
0 0 0 0 0 0 69 0 69 94 0 94 0 0 0 0 0 0 0 0 19 38 69 19 0 38 38 94 75 38 69 
0 0 0 0 0 0 38 0 50 75 94 0 0 0 0 0 0 0 0 0 0 0 38 0 0 19 19 88 69 44 88 
0 0 0 0 0 0 0 0 0 0 0 0 0 0 0 0 0 0 0 0 0 0 0 38 0 0 69 0 69 94 38 
75 88 19 0 0 0 0 0 0 0 0 0 0 0 94 94 69 0 38 0 0 0 0 0 0 0 0 0 0 0 0 
94 69 0 0 0 0 0 0 0 0 0 0 0 94 0 88 75 0 44 0 0 0 0 0 0 0 0 0 0 0 0 
69 94 50 38 44 38 0 0 0 0 0 0 0 94 88 0 88 19 69 0 0 0 0 0 0 0 0 0 0 0 0 
69 69 38 50 69 75 0 0 0 0 0 0 0 69 75 88 0 0 94 0 0 0 0 0 0 0 0 0 0 0 0 
0 50 94 69 38 0 0 0 0 0 0 0 0 0 0 19 0 0 0 0 0 0 0 0 0 0 0 0 0 0 0 
38 50 44 69 88 94 0 0 0 0 0 0 0 38 44 69 94 0 0 0 0 0 0 0 0 0 0 0 0 0 0 
0 0 0 38 44 38 69 69 69 19 0 0 0 0 0 0 0 0 0 0 94 75 0 0 50 75 0 19 0 0 0 
0 0 0 19 38 44 88 50 75 50 19 0 0 0 0 0 0 0 0 94 0 94 38 0 19 69 0 38 0 0 0 
0 0 0 0 19 38 94 19 69 69 38 0 0 0 0 0 0 0 0 75 94 0 69 0 0 50 0 44 0 0 0 
0 0 0 0 0 0 75 0 38 88 69 38 0 0 0 0 0 0 0 0 38 69 0 75 0 0 69 50 69 19 0 
0 0 0 0 0 0 0 0 0 38 19 0 38 0 0 0 0 0 0 0 0 0 75 0 0 0 94 0 69 44 0 
0 0 0 0 0 0 0 94 44 0 0 0 0 0 0 0 0 0 0 50 19 0 0 0 0 75 0 0 0 0 0 
0 0 0 0 0 0 69 94 94 44 38 19 0 0 0 0 0 0 0 75 69 50 0 0 75 0 0 69 0 0 0 
0 0 0 0 0 0 0 0 0 44 38 19 69 0 0 0 0 0 0 0 0 0 69 94 0 0 0 0 88 75 19 
0 0 0 0 0 0 75 38 88 88 94 88 0 0 0 0 0 0 0 19 38 44 50 0 0 69 0 0 44 0 50 
0 0 0 0 0 0 19 0 0 69 75 69 69 0 0 0 0 0 0 0 0 0 69 69 0 0 88 44 0 88 69 
0 0 0 0 0 0 0 0 0 19 38 44 94 0 0 0 0 0 0 0 0 0 19 44 0 0 75 0 88 0 69 
0 0 0 0 0 0 0 0 0 38 69 88 38 0 0 0 0 0 0 0 0 0 0 0 0 0 19 50 69 69 0
